06_07_segment_emb_512_393000 		0.554		0.408		0.3			0.224		0.422		0.686

06_08_no_segment_emb_256_25000		0.66(24)	0.534(19)	0.424(16)	0.337(15)	0.504		1.054
06_08_no_segment_emb_256_50000		0.66		0.531		0.421		0.334		0.504		1.068
06_08_no_segment_emb_256_100000		0.655		0.527		0.418		0.331		0.499		1.075
06_08_no_segment_emb_256_150000		0.664		0.53		0.417		0.329		0.498		1.07
06_08_no_segment_emb_256_200000		0.66		0.524		0.408		0.318		0.496		1.058
06_08_no_segment_emb_256_250000		0.66		0.524		0.411		0.321		0.503		1.07

06_08_no_segment_emB_512_50000		0.665(21)	0.533(20)	0.421(16)	0.33(17)	0.506(19)	1.091(21)
06_08_no_segment_emB_512_100000		0.672(12)	0.539(11)	0.425(12)	0.334(12)	0.511(13)	1.121(13)
06_08_no_segment_emb_512_150000		0.67		0.536		0.422		0.33		0.504		1.093
06_08_no_segment_emb_512_200000		0.66		0.526		0.413		0.323		0.501		1.084
06_08_no_segment_emb_512_250000		0.668		0.531		0.416		0.324		0.501		1.072
06_08_no_segment_emb_512_300000		0.661		0.523		0.408		0.316		0.493		1.074


06_08_gru_no_segment_emb_512_50000	0.593		0.458		0.35		0.272		0.453		0.804
06_08_gru_no_segment_emb_512_100000 0.594		0.457		0.348		0.269		0.45		0.812

06_09_spatial_emb_512_50000			0.659		0.527		0.417		0.33		0.501		1.067
06_09_spatial_emb_512_100000		0.658		0.529		0.42		0.333		0.502		1.087
06_09_spatial_emb_512_150000		0.663		0.526		0.412		0.322		0.505		1.084
06_09_spatial_emb_512_200000		0.659		0.523		0.41		0.323		0.5			1.091

06_10_combine_valid_emb_512_50000	0.669		0.54		0.428		0.337		0.508		1.091
06_10_combine_valid_emb_512_100000	0.674		0.541		0.429		0.338		0.509		1.127
06_10_combine_valid_emb_512_150000	0.666		0.534		0.421		0.328		0.504		1.096
06_10_combine_valid_emb_512_200000	0.666		0.529		0.415		0.324		0.5			1.074
06_10_combine_valid_emb_512_250000	0.671		0.537		0.424		0.334		0.504		1.097